  0.0000e+00
  1.0000e-01
  2.0000e-01
  3.0000e-01
  4.0000e-01
  5.0000e-01
  6.0000e-01
  7.0000e-01
  8.0000e-01
  9.0000e-01
  1.0000e+00
        0
   1.3528
  -2.5731
  -3.5416
   4.1634
   4.3776
  -4.1634
   3.5416
   2.5731
  -1.3528
        0
            0
   1.0041e+01
  -1.6246e+01
  -1.6246e+01
   1.0041e+01
  -1.7185e-10
   1.0041e+01
  -1.6246e+01
  -1.6246e+01
   1.0041e+01
            0
         0
   29.8281
  -35.0651
  -11.3933
  -21.6714
  -36.8696
   21.6714
   11.3933
   35.0651
  -29.8281
         0
  9.7887e+00
  3.8197e+01
  8.2443e+01
