  0.0000e+00
  1.0000e-02
  2.0000e-02
  3.0000e-02
  4.0000e-02
  5.0000e-02
  6.0000e-02
  7.0000e-02
  8.0000e-02
  9.0000e-02
  1.0000e-01
  1.1000e-01
  1.2000e-01
  1.3000e-01
  1.4000e-01
  1.5000e-01
  1.6000e-01
  1.7000e-01
  1.8000e-01
  1.9000e-01
  2.0000e-01
  2.1000e-01
  2.2000e-01
  2.3000e-01
  2.4000e-01
  2.5000e-01
  2.6000e-01
  2.7000e-01
  2.8000e-01
  2.9000e-01
  3.0000e-01
  3.1000e-01
  3.2000e-01
  3.3000e-01
  3.4000e-01
  3.5000e-01
  3.6000e-01
  3.7000e-01
  3.8000e-01
  3.9000e-01
  4.0000e-01
  4.1000e-01
  4.2000e-01
  4.3000e-01
  4.4000e-01
  4.5000e-01
  4.6000e-01
  4.7000e-01
  4.8000e-01
  4.9000e-01
  5.0000e-01
  5.1000e-01
  5.2000e-01
  5.3000e-01
  5.4000e-01
  5.5000e-01
  5.6000e-01
  5.7000e-01
  5.8000e-01
  5.9000e-01
  6.0000e-01
  6.1000e-01
  6.2000e-01
  6.3000e-01
  6.4000e-01
  6.5000e-01
  6.6000e-01
  6.7000e-01
  6.8000e-01
  6.9000e-01
  7.0000e-01
  7.1000e-01
  7.2000e-01
  7.3000e-01
  7.4000e-01
  7.5000e-01
  7.6000e-01
  7.7000e-01
  7.8000e-01
  7.9000e-01
  8.0000e-01
  8.1000e-01
  8.2000e-01
  8.3000e-01
  8.4000e-01
  8.5000e-01
  8.6000e-01
  8.7000e-01
  8.8000e-01
  8.9000e-01
  9.0000e-01
  9.1000e-01
  9.2000e-01
  9.3000e-01
  9.4000e-01
  9.5000e-01
  9.6000e-01
  9.7000e-01
  9.8000e-01
  9.9000e-01
  1.0000e+00
        0
   0.0438
  -0.0876
  -0.1313
  -0.1749
  -0.2183
   0.2615
   0.3045
   0.3471
  -0.3894
   0.4313
   0.4728
  -0.5138
  -0.5543
   0.5942
  -0.6336
   0.6724
   0.7104
   0.7478
  -0.7845
  -0.8203
  -0.8554
   0.8896
  -0.9230
  -0.9554
   0.9869
  -1.0174
  -1.0469
   1.0754
  -1.1028
  -1.1291
  -1.1543
  -1.1784
  -1.2013
   1.2230
  -1.2435
  -1.2628
  -1.2809
   1.2977
  -1.3131
   1.3273
  -1.3402
   1.3518
  -1.3620
  -1.3709
   1.3785
  -1.3847
  -1.3895
  -1.3929
   1.3950
   1.3957
   1.3950
  -1.3929
   1.3895
  -1.3847
   1.3785
  -1.3709
   1.3620
  -1.3518
  -1.3402
  -1.3273
  -1.3131
   1.2977
  -1.2809
   1.2628
   1.2435
   1.2230
  -1.2013
  -1.1784
   1.1543
  -1.1291
  -1.1028
  -1.0754
  -1.0469
  -1.0174
  -0.9869
  -0.9554
   0.9230
  -0.8896
   0.8554
  -0.8203
   0.7845
   0.7478
   0.7104
   0.6724
   0.6336
   0.5942
   0.5543
   0.5138
  -0.4728
   0.4313
  -0.3894
  -0.3471
   0.3045
  -0.2615
  -0.2183
   0.1749
   0.1313
   0.0876
  -0.0438
        0
            0
   3.5045e-01
  -6.9952e-01
  -1.0458e+00
  -1.3880e+00
  -1.7247e+00
   2.0546e+00
   2.3764e+00
   2.6888e+00
  -2.9906e+00
   3.2806e+00
   3.5576e+00
  -3.8206e+00
  -4.0686e+00
   4.3004e+00
  -4.5153e+00
   4.7124e+00
   4.8909e+00
   5.0501e+00
  -5.1893e+00
  -5.3081e+00
  -5.4059e+00
   5.4824e+00
  -5.5372e+00
  -5.5702e+00
   5.5813e+00
  -5.5702e+00
  -5.5372e+00
   5.4824e+00
  -5.4059e+00
  -5.3081e+00
  -5.1893e+00
  -5.0501e+00
  -4.8909e+00
   4.7124e+00
  -4.5153e+00
  -4.3004e+00
  -4.0686e+00
   3.8206e+00
  -3.5576e+00
   3.2806e+00
  -2.9906e+00
   2.6888e+00
  -2.3764e+00
  -2.0546e+00
   1.7247e+00
  -1.3880e+00
  -1.0458e+00
  -6.9952e-01
   3.5045e-01
   1.0748e-11
  -3.5045e-01
   6.9952e-01
  -1.0458e+00
   1.3880e+00
  -1.7247e+00
   2.0546e+00
  -2.3764e+00
   2.6888e+00
   2.9906e+00
   3.2806e+00
   3.5576e+00
  -3.8206e+00
   4.0686e+00
  -4.3004e+00
  -4.5153e+00
  -4.7124e+00
   4.8909e+00
   5.0501e+00
  -5.1893e+00
   5.3081e+00
   5.4059e+00
   5.4824e+00
   5.5372e+00
   5.5702e+00
   5.5813e+00
   5.5702e+00
  -5.5372e+00
   5.4824e+00
  -5.4059e+00
   5.3081e+00
  -5.1893e+00
  -5.0501e+00
  -4.8909e+00
  -4.7124e+00
  -4.5153e+00
  -4.3004e+00
  -4.0686e+00
  -3.8206e+00
   3.5576e+00
  -3.2806e+00
   2.9906e+00
   2.6888e+00
  -2.3764e+00
   2.0546e+00
   1.7247e+00
  -1.3880e+00
  -1.0458e+00
  -6.9952e-01
   3.5045e-01
            0
         0
    1.1813
   -2.3521
   -3.5021
   -4.6209
   -5.6988
    6.7261
    7.6936
    8.5929
   -9.4159
   10.1553
   10.8046
  -11.3580
  -11.8106
   12.1583
  -12.3981
   12.5279
   12.5465
   12.4537
  -12.2504
  -11.9383
  -11.5203
   11.0000
  -10.3821
   -9.6720
    8.8761
   -8.0014
   -7.0556
    6.0473
   -4.9853
   -3.8790
   -2.7383
   -1.5733
   -0.3943
   -0.7882
    1.9637
    3.1217
    4.2521
   -5.3447
    6.3898
   -7.3783
    8.3012
   -9.1505
    9.9185
   10.5986
  -11.1845
   11.6712
   12.0542
   12.3303
  -12.4970
  -12.5527
  -12.4970
   12.3303
  -12.0542
   11.6712
  -11.1845
   10.5986
   -9.9185
    9.1505
    8.3012
    7.3783
    6.3898
   -5.3447
    4.2521
   -3.1217
   -1.9637
   -0.7882
   -0.3943
   -1.5733
    2.7383
   -3.8790
   -4.9853
   -6.0473
   -7.0556
   -8.0014
   -8.8761
   -9.6720
   10.3821
  -11.0000
   11.5203
  -11.9383
   12.2504
   12.4537
   12.5465
   12.5279
   12.3981
   12.1583
   11.8106
   11.3580
  -10.8046
   10.1553
   -9.4159
   -8.5929
    7.6936
   -6.7261
   -5.6988
    4.6209
    3.5021
    2.3521
   -1.1813
         0
