  0.0000e+00 -1.0000e+00
  1.0101e-02 -9.0392e-01
  2.0202e-02 -8.1708e-01
  3.0303e-02 -7.3858e-01
  4.0404e-02 -6.6762e-01
  5.0505e-02 -6.0347e-01
  6.0606e-02 -5.4549e-01
  7.0707e-02 -4.9308e-01
  8.0808e-02 -4.4571e-01
  9.0909e-02 -4.0289e-01
  1.0101e-01 -3.6418e-01
  1.1111e-01 -3.2919e-01
  1.2121e-01 -2.9756e-01
  1.3131e-01 -2.6897e-01
  1.4141e-01 -2.4313e-01
  1.5152e-01 -2.1977e-01
  1.6162e-01 -1.9865e-01
  1.7172e-01 -1.7957e-01
  1.8182e-01 -1.6231e-01
  1.9192e-01 -1.4672e-01
  2.0202e-01 -1.3262e-01
  2.1212e-01 -1.1988e-01
  2.2222e-01 -1.0836e-01
  2.3232e-01 -9.7946e-02
  2.4242e-01 -8.8534e-02
  2.5253e-01 -8.0027e-02
  2.6263e-01 -7.2336e-02
  2.7273e-01 -6.5385e-02
  2.8283e-01 -5.9101e-02
  2.9293e-01 -5.3422e-02
  3.0303e-01 -4.8287e-02
  3.1313e-01 -4.3646e-02
  3.2323e-01 -3.9451e-02
  3.3333e-01 -3.5659e-02
  3.4343e-01 -3.2231e-02
  3.5354e-01 -2.9132e-02
  3.6364e-01 -2.6331e-02
  3.7374e-01 -2.3800e-02
  3.8384e-01 -2.1511e-02
  3.9394e-01 -1.9442e-02
  4.0404e-01 -1.7572e-02
  4.1414e-01 -1.5882e-02
  4.2424e-01 -1.4353e-02
  4.3434e-01 -1.2972e-02
  4.4444e-01 -1.1723e-02
  4.5455e-01 -1.0595e-02
  4.6465e-01 -9.5744e-03
  4.7475e-01 -8.6520e-03
  4.8485e-01 -7.8182e-03
  4.9495e-01 -7.0645e-03
  5.0505e-01 -6.3832e-03
  5.1515e-01 -5.7672e-03
  5.2525e-01 -5.2104e-03
  5.3535e-01 -4.7071e-03
  5.4545e-01 -4.2521e-03
  5.5556e-01 -3.8407e-03
  5.6566e-01 -3.4688e-03
  5.7576e-01 -3.1326e-03
  5.8586e-01 -2.8287e-03
  5.9596e-01 -2.5539e-03
  6.0606e-01 -2.3055e-03
  6.1616e-01 -2.0809e-03
  6.2626e-01 -1.8778e-03
  6.3636e-01 -1.6942e-03
  6.4646e-01 -1.5282e-03
  6.5657e-01 -1.3781e-03
  6.6667e-01 -1.2424e-03
  6.7677e-01 -1.1196e-03
  6.8687e-01 -1.0087e-03
  6.9697e-01 -9.0830e-04
  7.0707e-01 -8.1753e-04
  7.1717e-01 -7.3544e-04
  7.2727e-01 -6.6120e-04
  7.3737e-01 -5.9404e-04
  7.4747e-01 -5.3329e-04
  7.5758e-01 -4.7834e-04
  7.6768e-01 -4.2862e-04
  7.7778e-01 -3.8363e-04
  7.8788e-01 -3.4292e-04
  7.9798e-01 -3.0608e-04
  8.0808e-01 -2.7273e-04
  8.1818e-01 -2.4255e-04
  8.2828e-01 -2.1522e-04
  8.3838e-01 -1.9047e-04
  8.4848e-01 -1.6805e-04
  8.5859e-01 -1.4775e-04
  8.6869e-01 -1.2935e-04
  8.7879e-01 -1.1267e-04
  8.8889e-01 -9.7557e-05
  8.9899e-01 -8.3849e-05
  9.0909e-01 -7.1413e-05
  9.1919e-01 -6.0128e-05
  9.2929e-01 -4.9883e-05
  9.3939e-01 -4.0579e-05
  9.4949e-01 -3.2124e-05
  9.5960e-01 -2.4437e-05
  9.6970e-01 -1.7445e-05
  9.7980e-01 -1.1081e-05
  9.8990e-01 -5.2840e-06
  1.0000e+00  5.8886e-18
