  0.0000e+00  0.0000e+00
  1.0010e-03  8.9591e-03
  2.0020e-03  1.7819e-02
  3.0030e-03  2.6581e-02
  4.0040e-03  3.5245e-02
  5.0050e-03  4.3813e-02
  6.0060e-03  5.2286e-02
  7.0070e-03  6.0665e-02
  8.0080e-03  6.8950e-02
  9.0090e-03  7.7143e-02
  1.0010e-02  8.5244e-02
  1.1011e-02  9.3254e-02
  1.2012e-02  1.0117e-01
  1.3013e-02  1.0901e-01
  1.4014e-02  1.1675e-01
  1.5015e-02  1.2441e-01
  1.6016e-02  1.3198e-01
  1.7017e-02  1.3946e-01
  1.8018e-02  1.4686e-01
  1.9019e-02  1.5418e-01
  2.0020e-02  1.6141e-01
  2.1021e-02  1.6857e-01
  2.2022e-02  1.7564e-01
  2.3023e-02  1.8263e-01
  2.4024e-02  1.8954e-01
  2.5025e-02  1.9637e-01
  2.6026e-02  2.0312e-01
  2.7027e-02  2.0980e-01
  2.8028e-02  2.1640e-01
  2.9029e-02  2.2293e-01
  3.0030e-02  2.2938e-01
  3.1031e-02  2.3575e-01
  3.2032e-02  2.4205e-01
  3.3033e-02  2.4828e-01
  3.4034e-02  2.5444e-01
  3.5035e-02  2.6053e-01
  3.6036e-02  2.6654e-01
  3.7037e-02  2.7249e-01
  3.8038e-02  2.7836e-01
  3.9039e-02  2.8417e-01
  4.0040e-02  2.8991e-01
  4.1041e-02  2.9558e-01
  4.2042e-02  3.0119e-01
  4.3043e-02  3.0673e-01
  4.4044e-02  3.1221e-01
  4.5045e-02  3.1762e-01
  4.6046e-02  3.2296e-01
  4.7047e-02  3.2825e-01
  4.8048e-02  3.3347e-01
  4.9049e-02  3.3863e-01
  5.0050e-02  3.4373e-01
  5.1051e-02  3.4876e-01
  5.2052e-02  3.5374e-01
  5.3053e-02  3.5866e-01
  5.4054e-02  3.6352e-01
  5.5055e-02  3.6832e-01
  5.6056e-02  3.7306e-01
  5.7057e-02  3.7774e-01
  5.8058e-02  3.8237e-01
  5.9059e-02  3.8694e-01
  6.0060e-02  3.9146e-01
  6.1061e-02  3.9592e-01
  6.2062e-02  4.0033e-01
  6.3063e-02  4.0468e-01
  6.4064e-02  4.0898e-01
  6.5065e-02  4.1323e-01
  6.6066e-02  4.1743e-01
  6.7067e-02  4.2157e-01
  6.8068e-02  4.2566e-01
  6.9069e-02  4.2970e-01
  7.0070e-02  4.3370e-01
  7.1071e-02  4.3764e-01
  7.2072e-02  4.4153e-01
  7.3073e-02  4.4537e-01
  7.4074e-02  4.4917e-01
  7.5075e-02  4.5292e-01
  7.6076e-02  4.5662e-01
  7.7077e-02  4.6027e-01
  7.8078e-02  4.6388e-01
  7.9079e-02  4.6744e-01
  8.0080e-02  4.7095e-01
  8.1081e-02  4.7443e-01
  8.2082e-02  4.7785e-01
  8.3083e-02  4.8123e-01
  8.4084e-02  4.8457e-01
  8.5085e-02  4.8787e-01
  8.6086e-02  4.9112e-01
  8.7087e-02  4.9433e-01
  8.8088e-02  4.9750e-01
  8.9089e-02  5.0062e-01
  9.0090e-02  5.0371e-01
  9.1091e-02  5.0676e-01
  9.2092e-02  5.0976e-01
  9.3093e-02  5.1272e-01
  9.4094e-02  5.1565e-01
  9.5095e-02  5.1854e-01
  9.6096e-02  5.2138e-01
  9.7097e-02  5.2419e-01
  9.8098e-02  5.2696e-01
  9.9099e-02  5.2970e-01
  1.0010e-01  5.3239e-01
