  0.0000e+00  0.0000e+00
  9.9010e-03  1.8770e-02
  1.9802e-02  3.6214e-02
  2.9703e-02  5.2409e-02
  3.9604e-02  6.7429e-02
  4.9505e-02  8.1342e-02
  5.9406e-02  9.4215e-02
  6.9307e-02  1.0611e-01
  7.9208e-02  1.1708e-01
  8.9109e-02  1.2718e-01
  9.9010e-02  1.3647e-01
  1.0891e-01  1.4498e-01
  1.1881e-01  1.5277e-01
  1.2871e-01  1.5989e-01
  1.3861e-01  1.6636e-01
  1.4851e-01  1.7222e-01
  1.5842e-01  1.7752e-01
  1.6832e-01  1.8229e-01
  1.7822e-01  1.8655e-01
  1.8812e-01  1.9034e-01
  1.9802e-01  1.9368e-01
  2.0792e-01  1.9660e-01
  2.1782e-01  1.9913e-01
  2.2772e-01  2.0129e-01
  2.3762e-01  2.0310e-01
  2.4752e-01  2.0457e-01
  2.5743e-01  2.0574e-01
  2.6733e-01  2.0662e-01
  2.7723e-01  2.0722e-01
  2.8713e-01  2.0756e-01
  2.9703e-01  2.0767e-01
  3.0693e-01  2.0754e-01
  3.1683e-01  2.0719e-01
  3.2673e-01  2.0665e-01
  3.3663e-01  2.0591e-01
  3.4653e-01  2.0499e-01
  3.5644e-01  2.0391e-01
  3.6634e-01  2.0266e-01
  3.7624e-01  2.0127e-01
  3.8614e-01  1.9974e-01
  3.9604e-01  1.9807e-01
  4.0594e-01  1.9628e-01
  4.1584e-01  1.9437e-01
  4.2574e-01  1.9234e-01
  4.3564e-01  1.9022e-01
  4.4554e-01  1.8800e-01
  4.5545e-01  1.8568e-01
  4.6535e-01  1.8328e-01
  4.7525e-01  1.8080e-01
  4.8515e-01  1.7824e-01
  4.9505e-01  1.7561e-01
  5.0495e-01  1.7291e-01
  5.1485e-01  1.7014e-01
  5.2475e-01  1.6732e-01
  5.3465e-01  1.6443e-01
  5.4455e-01  1.6150e-01
  5.5446e-01  1.5851e-01
  5.6436e-01  1.5548e-01
  5.7426e-01  1.5240e-01
  5.8416e-01  1.4929e-01
  5.9406e-01  1.4613e-01
  6.0396e-01  1.4293e-01
  6.1386e-01  1.3970e-01
  6.2376e-01  1.3644e-01
  6.3366e-01  1.3314e-01
  6.4356e-01  1.2982e-01
  6.5347e-01  1.2647e-01
  6.6337e-01  1.2309e-01
  6.7327e-01  1.1969e-01
  6.8317e-01  1.1627e-01
  6.9307e-01  1.1282e-01
  7.0297e-01  1.0936e-01
  7.1287e-01  1.0587e-01
  7.2277e-01  1.0237e-01
  7.3267e-01  9.8848e-02
  7.4257e-01  9.5312e-02
  7.5248e-01  9.1761e-02
  7.6238e-01  8.8197e-02
  7.7228e-01  8.4619e-02
  7.8218e-01  8.1028e-02
  7.9208e-01  7.7426e-02
  8.0198e-01  7.3813e-02
  8.1188e-01  7.0189e-02
  8.2178e-01  6.6556e-02
  8.3168e-01  6.2913e-02
  8.4158e-01  5.9262e-02
  8.5149e-01  5.5603e-02
  8.6139e-01  5.1936e-02
  8.7129e-01  4.8261e-02
  8.8119e-01  4.4580e-02
  8.9109e-01  4.0892e-02
  9.0099e-01  3.7199e-02
  9.1089e-01  3.3500e-02
  9.2079e-01  2.9795e-02
  9.3069e-01  2.6085e-02
  9.4059e-01  2.2371e-02
  9.5050e-01  1.8652e-02
  9.6040e-01  1.4929e-02
  9.7030e-01  1.1202e-02
  9.8020e-01  7.4716e-03
  9.9010e-01  3.7374e-03
