  0.0000e+00  0.0000e+00
  9.9900e-04  1.8802e-03
  1.9980e-03  3.7469e-03
  2.9970e-03  5.6002e-03
  3.9960e-03  7.4401e-03
  4.9950e-03  9.2668e-03
  5.9940e-03  1.1080e-02
  6.9930e-03  1.2881e-02
  7.9920e-03  1.4668e-02
  8.9910e-03  1.6442e-02
  9.9900e-03  1.8204e-02
  1.0989e-02  1.9953e-02
  1.1988e-02  2.1689e-02
  1.2987e-02  2.3412e-02
  1.3986e-02  2.5123e-02
  1.4985e-02  2.6821e-02
  1.5984e-02  2.8507e-02
  1.6983e-02  3.0180e-02
  1.7982e-02  3.1842e-02
  1.8981e-02  3.3491e-02
  1.9980e-02  3.5128e-02
  2.0979e-02  3.6753e-02
  2.1978e-02  3.8366e-02
  2.2977e-02  3.9967e-02
  2.3976e-02  4.1556e-02
  2.4975e-02  4.3133e-02
  2.5974e-02  4.4699e-02
  2.6973e-02  4.6253e-02
  2.7972e-02  4.7796e-02
  2.8971e-02  4.9327e-02
  2.9970e-02  5.0846e-02
  3.0969e-02  5.2355e-02
  3.1968e-02  5.3852e-02
  3.2967e-02  5.5337e-02
  3.3966e-02  5.6812e-02
  3.4965e-02  5.8276e-02
  3.5964e-02  5.9728e-02
  3.6963e-02  6.1170e-02
  3.7962e-02  6.2601e-02
  3.8961e-02  6.4021e-02
  3.9960e-02  6.5430e-02
  4.0959e-02  6.6828e-02
  4.1958e-02  6.8216e-02
  4.2957e-02  6.9593e-02
  4.3956e-02  7.0960e-02
  4.4955e-02  7.2317e-02
  4.5954e-02  7.3663e-02
  4.6953e-02  7.4998e-02
  4.7952e-02  7.6324e-02
  4.8951e-02  7.7639e-02
  4.9950e-02  7.8944e-02
  5.0949e-02  8.0239e-02
  5.1948e-02  8.1525e-02
  5.2947e-02  8.2800e-02
  5.3946e-02  8.4065e-02
  5.4945e-02  8.5320e-02
  5.5944e-02  8.6566e-02
  5.6943e-02  8.7802e-02
  5.7942e-02  8.9028e-02
  5.8941e-02  9.0245e-02
  5.9940e-02  9.1452e-02
  6.0939e-02  9.2650e-02
  6.1938e-02  9.3838e-02
  6.2937e-02  9.5017e-02
  6.3936e-02  9.6187e-02
  6.4935e-02  9.7347e-02
  6.5934e-02  9.8498e-02
  6.6933e-02  9.9640e-02
  6.7932e-02  1.0077e-01
  6.8931e-02  1.0190e-01
  6.9930e-02  1.0301e-01
  7.0929e-02  1.0412e-01
  7.1928e-02  1.0522e-01
  7.2927e-02  1.0630e-01
  7.3926e-02  1.0738e-01
  7.4925e-02  1.0845e-01
  7.5924e-02  1.0952e-01
  7.6923e-02  1.1057e-01
  7.7922e-02  1.1162e-01
  7.8921e-02  1.1265e-01
  7.9920e-02  1.1368e-01
  8.0919e-02  1.1470e-01
  8.1918e-02  1.1571e-01
  8.2917e-02  1.1671e-01
  8.3916e-02  1.1771e-01
  8.4915e-02  1.1869e-01
  8.5914e-02  1.1967e-01
  8.6913e-02  1.2064e-01
  8.7912e-02  1.2161e-01
  8.8911e-02  1.2256e-01
  8.9910e-02  1.2351e-01
  9.0909e-02  1.2444e-01
  9.1908e-02  1.2538e-01
  9.2907e-02  1.2630e-01
  9.3906e-02  1.2721e-01
  9.4905e-02  1.2812e-01
  9.5904e-02  1.2902e-01
  9.6903e-02  1.2991e-01
  9.7902e-02  1.3080e-01
  9.8901e-02  1.3167e-01
  9.9900e-02  1.3254e-01
